Trend: c
Order: (1, 0, 1)
Seasonal order: (0, 0, 2, 52)
SSR: 46638.019131854744
AIC: 1873.653713502525
