Trend: c
Order: (0, 0, 0)
Seasonal order: (1, 0, 0, 52)
SSR: 18433.807707301534
AIC: 1657.8136786783648
