Trend: ct
Order: (1, 0, 1)
Seasonal order: (1, 0, 0, 52)
SSR: 2478.2868363547614
AIC: 1081.000379151193
