Trend: ct
Order: (3, 0, 1)
Seasonal order: (2, 0, 1, 52)
SSR: 1038.3935085500652
AIC: 914.4950336270192
