Trend: c
Order: (5, 0, 0)
Seasonal order: (0, 0, 0, 52)
SSR: 4585.030746712953
AIC: 1205.4787305273476
