Trend: c
Order: (1, 0, 2)
Seasonal order: (1, 0, 1, 52)
SSR: 1444.966644112016
AIC: 953.3113938012843
