Trend: ct
Order: (1, 0, 0)
Seasonal order: (1, 0, 0, 52)
SSR: 2763.1125801630947
AIC: 1096.6721358887062
