Trend: c
Order: (0, 0, 2)
Seasonal order: (2, 0, 0, 52)
SSR: 2619.894521102784
AIC: 1022.6627448088589
