Trend: ct
Order: (1, 0, 0)
Seasonal order: (2, 0, 0, 52)
SSR: 1659.759457939946
AIC: 999.7428561817887
