Trend: ct
Order: (0, 0, 1)
Seasonal order: (2, 0, 0, 52)
SSR: 1312.389606519311
AIC: 923.7394754537955
