Trend: ct
Order: (0, 0, 0)
Seasonal order: (2, 0, 0, 52)
SSR: 2604.516854897103
AIC: 1088.1624567397832
