Trend: c
Order: (1, 0, 1)
Seasonal order: (1, 0, 0, 52)
SSR: 1630.0388814280627
AIC: 994.2403297126012
