Trend: ct
Order: (1, 0, 0)
Seasonal order: (1, 0, 0, 52)
SSR: 2200.4974722205884
AIC: 1055.7348872667976
