Trend: c
Order: (0, 0, 2)
Seasonal order: (2, 0, 0, 52)
SSR: 1741.135468747997
AIC: 992.6844965265027
