Trend: ct
Order: (2, 0, 1)
Seasonal order: (1, 0, 0, 52)
SSR: 2870.0355200480985
AIC: 1110.9786818666732
