Trend: c
Order: (1, 0, 2)
Seasonal order: (1, 0, 1, 52)
SSR: 2004.1010265646837
AIC: 996.6904353339148
