Trend: ct
Order: (2, 0, 2)
Seasonal order: (2, 0, 0, 52)
SSR: 1698.1119530433734
AIC: 991.4433044471498
