Trend: ct
Order: (2, 0, 1)
Seasonal order: (2, 0, 0, 52)
SSR: 1529.3151287067828
AIC: 990.1283548784477
