Trend: c
Order: (1, 0, 1)
Seasonal order: (2, 0, 0, 52)
SSR: 2405.8107390335554
AIC: 1074.5702396024851
