Trend: c
Order: (1, 0, 1)
Seasonal order: (1, 0, 1, 52)
SSR: 1814.9448753246106
AIC: 1015.4161257443898
