Trend: ct
Order: (1, 0, 2)
Seasonal order: (0, 0, 0, 52)
SSR: 2709.758699956555
AIC: 1098.6918884024376
