Trend: c
Order: (0, 0, 2)
Seasonal order: (2, 0, 0, 52)
SSR: 1705.0873394098705
AIC: 969.43783612786
