Trend: c
Order: (0, 0, 0)
Seasonal order: (1, 0, 0, 52)
SSR: 4530.655458366704
AIC: 1194.5738237125329
