Trend: c
Order: (1, 0, 1)
Seasonal order: (2, 0, 0, 52)
SSR: 1770.3472296557593
AIC: 1011.7601353353438
