Trend: ct
Order: (1, 0, 4)
Seasonal order: (2, 0, 0, 52)
SSR: 1799.5829211838675
AIC: 1025.8745338200652
