Trend: ct
Order: (2, 0, 0)
Seasonal order: (0, 0, 2, 52)
SSR: 4178.4583226956665
AIC: 1183.9897642340625
