Trend: c
Order: (4, 0, 0)
Seasonal order: (2, 0, 0, 52)
SSR: 4187.504544844159
AIC: 1190.1563399624358
