Trend: c
Order: (0, 0, 1)
Seasonal order: (1, 0, 1, 52)
SSR: 2109.2490621958095
AIC: 1026.0561119146494
