Trend: c
Order: (1, 0, 1)
Seasonal order: (1, 0, 2, 52)
SSR: 2058.0418827054764
AIC: 1038.9304730338572
