Trend: c
Order: (2, 0, 2)
Seasonal order: (1, 0, 2, 52)
SSR: 2091.6134516920365
AIC: 986.8200410408307
