Trend: c
Order: (1, 0, 2)
Seasonal order: (0, 0, 0, 52)
SSR: 89097.67331681076
AIC: 1868.63784822038
