Trend: c
Order: (0, 0, 0)
Seasonal order: (0, 0, 0, 52)
SSR: 94058.15311004788
AIC: 1873.967168914362
