Trend: c
Order: (1, 0, 2)
Seasonal order: (1, 0, 0, 52)
SSR: 13835.429019232966
AIC: 1481.2322571988138
