Trend: c
Order: (4, 0, 0)
Seasonal order: (0, 0, 0, 52)
SSR: 9040.67765943914
AIC: 1390.9487405400446
