Trend: c
Order: (1, 0, 0)
Seasonal order: (0, 0, 0, 52)
SSR: 44895.402249331906
AIC: 1721.4345262060474
