Trend: c
Order: (3, 0, 0)
Seasonal order: (0, 0, 1, 52)
SSR: 9338.72938979799
AIC: 1399.8763188943399
