Trend: c
Order: (1, 0, 1)
Seasonal order: (1, 0, 0, 52)
SSR: 5865.442639893683
AIC: 1300.5784600699783
