Trend: c
Order: (1, 0, 2)
Seasonal order: (0, 0, 0, 52)
SSR: 19563.541146866773
AIC: 1551.6024122521808
