Trend: c
Order: (0, 0, 0)
Seasonal order: (1, 0, 0, 52)
SSR: 14507.194644982956
AIC: 1485.0295185700866
