Trend: c
Order: (2, 0, 2)
Seasonal order: (1, 0, 1, 52)
SSR: 6788.819696644063
AIC: 1292.9552693362398
