Trend: c
Order: (1, 0, 1)
Seasonal order: (2, 0, 0, 52)
SSR: 32540.27885653461
AIC: 1656.0188067781564
