Trend: c
Order: (0, 0, 0)
Seasonal order: (1, 0, 0, 52)
SSR: 13162.367283048572
AIC: 1465.4257924163032
