Trend: ct
Order: (0, 0, 0)
Seasonal order: (0, 0, 0, 52)
SSR: 24510.387463329196
AIC: 1594.9005777472928
