Trend: c
Order: (0, 0, 0)
Seasonal order: (0, 0, 0, 52)
SSR: 48587.27272727302
AIC: 1735.9118798074608
