Trend: c
Order: (0, 0, 0)
Seasonal order: (0, 0, 1, 52)
SSR: 65869.6699697553
AIC: 1801.3178375437
