Trend: c
Order: (1, 0, 1)
Seasonal order: (0, 0, 0, 52)
SSR: 75595.3993340298
AIC: 1832.2581594000098
