Trend: c
Order: (1, 0, 0)
Seasonal order: (0, 0, 1, 52)
SSR: 28167.38929355239
AIC: 1625.438891964562
