Trend: c
Order: (1, 0, 0)
Seasonal order: (1, 0, 0, 52)
SSR: 10078.4270942483
AIC: 1412.0771779472666
