Trend: c
Order: (0, 0, 0)
Seasonal order: (0, 0, 1, 52)
SSR: 68553.32057652812
AIC: 1810.4641967924108
