Trend: c
Order: (0, 0, 4)
Seasonal order: (0, 0, 0, 52)
SSR: 23149.733883190198
AIC: 1589.521399184547
