Trend: c
Order: (1, 0, 1)
Seasonal order: (2, 0, 0, 52)
SSR: 1104.7116698239163
AIC: 948.7821396353148
