Trend: ct
Order: (0, 0, 0)
Seasonal order: (0, 0, 0, 52)
SSR: 44561.91213733442
AIC: 1719.8371379331695
