Trend: c
Order: (0, 0, 0)
Seasonal order: (0, 0, 0, 52)
SSR: 31302.363636363712
AIC: 1644.0212660650236
