Trend: c
Order: (0, 0, 0)
Seasonal order: (0, 0, 1, 52)
SSR: 97254.87347961441
AIC: 1882.4505040302458
