Trend: c
Order: (0, 0, 0)
Seasonal order: (0, 0, 0, 52)
SSR: 87484.61244019135
AIC: 1858.8250518213024
