Trend: c
Order: (1, 0, 1)
Seasonal order: (0, 0, 0, 52)
SSR: 33227.60317755221
AIC: 1659.5328255560448
