Trend: c
Order: (1, 0, 1)
Seasonal order: (0, 0, 0, 52)
SSR: 30748.761063413134
AIC: 1643.6609452146786
