Trend: c
Order: (0, 0, 0)
Seasonal order: (0, 0, 0, 52)
SSR: 82391.31100478467
AIC: 1846.2886178444787
