Trend: c
Order: (2, 0, 0)
Seasonal order: (1, 0, 1, 52)
SSR: 23576.315081544108
AIC: 1592.2338766968871
