Trend: ct
Order: (1, 0, 1)
Seasonal order: (2, 0, 0, 52)
SSR: 10867.63819912576
AIC: 1433.3314501752968
