Trend: c
Order: (3, 0, 0)
Seasonal order: (0, 0, 0, 52)
SSR: 9645.546441366183
AIC: 1404.35426322888
