Trend: ct
Order: (1, 0, 1)
Seasonal order: (1, 0, 0, 52)
SSR: 10252.53361235416
AIC: 1413.1145037664617
