Trend: c
Order: (1, 0, 1)
Seasonal order: (1, 0, 1, 52)
SSR: 27406.967333331635
AIC: 1623.1722899313327
