Trend: ct
Order: (1, 0, 0)
Seasonal order: (1, 0, 0, 52)
SSR: 6962.04113075504
AIC: 1339.6949474333064
