Trend: c
Order: (1, 0, 1)
Seasonal order: (0, 0, 2, 52)
SSR: 8411.147653068621
AIC: 1377.2845483960673
