Trend: ct
Order: (1, 0, 1)
Seasonal order: (1, 0, 0, 52)
SSR: 13751.609969905363
AIC: 1484.4999141869803
