Trend: ct
Order: (0, 0, 1)
Seasonal order: (0, 0, 0, 52)
SSR: 11413.45917524947
AIC: 1437.2097364408255
