Trend: c
Order: (0, 0, 1)
Seasonal order: (1, 0, 0, 52)
SSR: 16627.095089059552
AIC: 1515.5047273769896
