Trend: c
Order: (1, 0, 1)
Seasonal order: (0, 0, 0, 52)
SSR: 48175.25291393074
AIC: 1738.149034894547
