Trend: c
Order: (0, 0, 0)
Seasonal order: (0, 0, 0, 52)
SSR: 85442.76555023911
AIC: 1853.889270817248
