Trend: c
Order: (1, 0, 2)
Seasonal order: (1, 0, 0, 52)
SSR: 6527.112078507389
AIC: 1325.1493162318357
