Trend: c
Order: (3, 0, 0)
Seasonal order: (1, 0, 0, 52)
SSR: 9084.917054317248
AIC: 1396.87323416691
