Trend: c
Order: (1, 0, 2)
Seasonal order: (2, 0, 0, 52)
SSR: 12801.464544793538
AIC: 1461.8157143483554
