Trend: c
Order: (0, 0, 1)
Seasonal order: (1, 0, 0, 52)
SSR: 7646.782245023429
AIC: 1226.1974729251474
