Trend: c
Order: (1, 0, 0)
Seasonal order: (2, 0, 0, 52)
SSR: 70424.03135827459
AIC: 1819.030906248924
