Trend: c
Order: (2, 0, 2)
Seasonal order: (0, 0, 2, 52)
SSR: 9554.890172862588
AIC: 1408.427987303612
