Trend: c
Order: (0, 0, 1)
Seasonal order: (0, 0, 0, 52)
SSR: 76452.52801808844
AIC: 1832.721427558
