Trend: c
Order: (0, 0, 0)
Seasonal order: (0, 0, 0, 52)
SSR: 78555.06220095685
AIC: 1836.3234614427647
