Trend: c
Order: (1, 0, 0)
Seasonal order: (1, 0, 1, 52)
SSR: 35898.289780382715
AIC: 1679.1471546584623
