Trend: c
Order: (1, 0, 1)
Seasonal order: (1, 0, 2, 52)
SSR: 25090.892743508895
AIC: 1606.215555613253
