Trend: c
Order: (2, 0, 2)
Seasonal order: (1, 0, 0, 52)
SSR: 64100.030288977745
AIC: 1803.533612887952
