Trend: c
Order: (1, 0, 1)
Seasonal order: (2, 0, 0, 52)
SSR: 51765.52330849865
AIC: 1757.4782160900631
