Trend: c
Order: (0, 0, 0)
Seasonal order: (1, 0, 0, 52)
SSR: 124766.42690490808
AIC: 1934.8813907365206
