Trend: c
Order: (1, 0, 1)
Seasonal order: (1, 0, 0, 52)
SSR: 46129.39092530836
AIC: 1730.8762964527566
