Trend: c
Order: (0, 0, 0)
Seasonal order: (1, 0, 0, 52)
SSR: 49630.44541908493
AIC: 1743.477126182749
