Trend: c
Order: (0, 0, 0)
Seasonal order: (0, 0, 1, 52)
SSR: 44661.73966591525
AIC: 1720.5510349549515
