Trend: c
Order: (1, 0, 1)
Seasonal order: (0, 0, 0, 52)
SSR: 106625.44767382681
AIC: 1904.080965348099
