Trend: c
Order: (1, 0, 1)
Seasonal order: (2, 0, 1, 52)
SSR: 11037.010128279975
AIC: 1414.1548295073255
