Trend: c
Order: (1, 0, 1)
Seasonal order: (1, 0, 0, 52)
SSR: 4982.394343515854
AIC: 1266.9491483057222
