Trend: c
Order: (1, 0, 1)
Seasonal order: (1, 0, 0, 52)
SSR: 17279.817622995586
AIC: 1530.7013940399506
