Trend: ct
Order: (1, 0, 0)
Seasonal order: (0, 0, 0, 52)
SSR: 4909.921556736484
AIC: 1260.8857549601648
