Trend: c
Order: (3, 0, 0)
Seasonal order: (2, 0, 0, 52)
SSR: 13442.465141594617
AIC: 1476.2032400983107
