Trend: c
Order: (1, 0, 2)
Seasonal order: (0, 0, 0, 52)
SSR: 17736.353056730026
AIC: 1531.13456340499
