Trend: c
Order: (0, 0, 1)
Seasonal order: (2, 0, 0, 52)
SSR: 4039.5389011454904
AIC: 1220.527984433296
