Trend: ct
Order: (0, 0, 0)
Seasonal order: (0, 0, 0, 52)
SSR: 52951.58766220052
AIC: 1755.8893203975674
