Trend: c
Order: (4, 0, 1)
Seasonal order: (0, 0, 1, 52)
SSR: 12882.880751366229
AIC: 1467.6569957609004
