Trend: c
Order: (1, 0, 0)
Seasonal order: (2, 0, 0, 52)
SSR: 11476.049103935753
AIC: 1441.3924540887879
