Trend: c
Order: (3, 0, 0)
Seasonal order: (0, 0, 0, 52)
SSR: 14680.120264523504
AIC: 1492.3057488801578
