Trend: c
Order: (1, 0, 1)
Seasonal order: (1, 0, 1, 52)
SSR: 36549.93871847109
AIC: 1685.3252421756683
