Trend: c
Order: (2, 0, 2)
Seasonal order: (1, 0, 1, 52)
SSR: 28684.539046529153
AIC: 1638.320425844023
