Trend: ct
Order: (3, 0, 2)
Seasonal order: (0, 0, 2, 52)
SSR: 5753.581244216794
AIC: 1305.8152293272037
