Trend: ct
Order: (0, 0, 1)
Seasonal order: (2, 0, 0, 52)
SSR: 105393.57274547993
AIC: 1906.1350748299533
