Trend: c
Order: (1, 0, 0)
Seasonal order: (2, 0, 1, 52)
SSR: 20520.98581729564
AIC: 1564.620372327865
