Trend: c
Order: (2, 0, 2)
Seasonal order: (1, 0, 0, 52)
SSR: 8277.097298690718
AIC: 1350.642288229359
