Trend: c
Order: (2, 0, 0)
Seasonal order: (1, 0, 0, 52)
SSR: 31884.9346465045
AIC: 1655.228819288799
