Trend: ct
Order: (0, 0, 0)
Seasonal order: (1, 0, 0, 52)
SSR: 38377.1597885218
AIC: 1690.6087717639675
