Trend: ct
Order: (0, 0, 1)
Seasonal order: (0, 0, 1, 52)
SSR: 31334.917486966915
AIC: 1654.2514565200045
