Trend: c
Order: (1, 0, 0)
Seasonal order: (0, 0, 0, 52)
SSR: 25631.87452626471
AIC: 1604.5242418707958
