Trend: c
Order: (2, 0, 2)
Seasonal order: (2, 0, 0, 52)
SSR: 6375.325121971055
AIC: 1250.2863438841048
