Trend: c
Order: (0, 0, 1)
Seasonal order: (2, 0, 0, 52)
SSR: 11162.862430528825
AIC: 1433.439258537685
