Trend: c
Order: (1, 0, 0)
Seasonal order: (0, 0, 0, 52)
SSR: 78817.13662363385
AIC: 1839.032152690372
