Trend: c
Order: (1, 0, 1)
Seasonal order: (1, 0, 0, 52)
SSR: 31735.883604361894
AIC: 1653.1632828725024
