Trend: c
Order: (0, 0, 0)
Seasonal order: (0, 0, 0, 52)
SSR: 64610.947368421
AIC: 1795.481528336945
