Trend: ct
Order: (0, 0, 0)
Seasonal order: (0, 0, 0, 52)
SSR: 49087.732127770236
AIC: 1740.053614566727
