Trend: c
Order: (0, 0, 2)
Seasonal order: (1, 0, 1, 52)
SSR: 23813.532738779493
AIC: 1580.1884510170066
