Trend: ct
Order: (0, 0, 0)
Seasonal order: (0, 0, 0, 52)
SSR: 98853.27713789104
AIC: 1886.35937238842
