Trend: ct
Order: (2, 0, 1)
Seasonal order: (2, 0, 0, 52)
SSR: 8874.539719085418
AIC: 1393.353957208251
