Trend: c
Order: (3, 0, 0)
Seasonal order: (0, 0, 0, 52)
SSR: 1101.4748245218054
AIC: 949.1918906945144
