Trend: c
Order: (0, 0, 0)
Seasonal order: (0, 0, 0, 52)
SSR: 89338.15311004793
AIC: 1863.2068879365338
