Trend: c
Order: (1, 0, 0)
Seasonal order: (2, 0, 1, 52)
SSR: 8702.466073864236
AIC: 1386.751768046999
