Trend: c
Order: (0, 0, 0)
Seasonal order: (1, 0, 0, 52)
SSR: 36059.052706538474
AIC: 1674.3213874044404
