Trend: ct
Order: (0, 0, 0)
Seasonal order: (0, 0, 0, 52)
SSR: 66418.93309528803
AIC: 1803.249577931096
