Trend: c
Order: (1, 0, 1)
Seasonal order: (2, 0, 0, 52)
SSR: 5778.8655815329585
AIC: 1235.832706606624
