Trend: c
Order: (0, 0, 0)
Seasonal order: (2, 0, 1, 52)
SSR: 26651.329363727127
AIC: 1600.8335353080943
