Trend: c
Order: (1, 0, 0)
Seasonal order: (0, 0, 0, 52)
SSR: 3443.414700399129
AIC: 1184.9274851531654
