Trend: c
Order: (0, 0, 1)
Seasonal order: (2, 0, 0, 52)
SSR: 15357.468993810053
AIC: 1492.7555785233005
