Trend: c
Order: (0, 0, 1)
Seasonal order: (0, 0, 1, 52)
SSR: 16283.838239340996
AIC: 1511.5227077892946
