Trend: c
Order: (2, 0, 2)
Seasonal order: (0, 0, 2, 52)
SSR: 52052.85066759174
AIC: 1759.7170531174615
