Trend: c
Order: (0, 0, 0)
Seasonal order: (1, 0, 0, 52)
SSR: 126130.92657154544
AIC: 1937.8583258580684
