Trend: c
Order: (1, 0, 1)
Seasonal order: (2, 0, 0, 52)
SSR: 9735.901196132912
AIC: 1406.9365756360103
