Trend: c
Order: (0, 0, 1)
Seasonal order: (2, 0, 0, 52)
SSR: 9161.62933058908
AIC: 1258.1028359880484
