Trend: c
Order: (2, 0, 2)
Seasonal order: (0, 0, 0, 52)
SSR: 26277.59012852261
AIC: 1615.002960548179
