Trend: c
Order: (2, 0, 2)
Seasonal order: (1, 0, 0, 52)
SSR: 78367.75285675515
AIC: 1845.9870605540432
