Trend: c
Order: (0, 0, 0)
Seasonal order: (1, 0, 0, 52)
SSR: 49357.28006318666
AIC: 1740.9253349665867
