Trend: c
Order: (0, 0, 2)
Seasonal order: (2, 0, 0, 52)
SSR: 17697.58485067941
AIC: 1532.5827784166731
