Trend: c
Order: (1, 0, 1)
Seasonal order: (2, 0, 1, 52)
SSR: 15607.509780540668
AIC: 1504.5630492681635
