Trend: c
Order: (1, 0, 1)
Seasonal order: (1, 0, 0, 52)
SSR: 17732.13917517841
AIC: 1532.081548816765
