Trend: c
Order: (2, 0, 4)
Seasonal order: (1, 0, 0, 52)
SSR: 26094.91262655013
AIC: 1614.4699577429465
