Trend: ct
Order: (2, 0, 0)
Seasonal order: (0, 0, 0, 52)
SSR: 57155.531231636836
AIC: 1775.8607647357467
