Trend: c
Order: (0, 0, 1)
Seasonal order: (0, 0, 0, 52)
SSR: 37622.34649161474
AIC: 1684.4706510939172
