Trend: ct
Order: (1, 0, 0)
Seasonal order: (1, 0, 0, 52)
SSR: 45323.953577088345
AIC: 1727.322953475736
