Trend: ct
Order: (1, 0, 1)
Seasonal order: (2, 0, 0, 52)
SSR: 34244.571894453795
AIC: 1672.4320702021248
