Trend: c
Order: (0, 0, 1)
Seasonal order: (2, 0, 0, 52)
SSR: 42858.92218742261
AIC: 1710.2310976122465
