Trend: c
Order: (0, 0, 1)
Seasonal order: (2, 0, 0, 52)
SSR: 26147.02904745386
AIC: 1599.1018889518846
