Trend: c
Order: (0, 0, 0)
Seasonal order: (0, 0, 0, 52)
SSR: 76816.34449760772
AIC: 1831.645545752615
