Trend: c
Order: (0, 0, 0)
Seasonal order: (2, 0, 0, 52)
SSR: 69996.55610640546
AIC: 1815.8841903872335
