Trend: c
Order: (0, 0, 1)
Seasonal order: (1, 0, 0, 52)
SSR: 15793.174862005568
AIC: 1470.1295278862017
