Trend: c
Order: (0, 0, 0)
Seasonal order: (2, 0, 1, 52)
SSR: 27974.368494476585
AIC: 1616.6683540155136
