Trend: c
Order: (0, 0, 0)
Seasonal order: (0, 0, 0, 52)
SSR: 78562.40191387563
AIC: 1836.3429882345158
