Trend: ct
Order: (1, 0, 0)
Seasonal order: (0, 0, 0, 52)
SSR: 85808.46107915326
AIC: 1858.7698628540588
