Trend: c
Order: (1, 0, 1)
Seasonal order: (0, 0, 0, 52)
SSR: 65703.95692362856
AIC: 1803.0289898708502
