Trend: c
Order: (0, 0, 0)
Seasonal order: (0, 0, 0, 52)
SSR: 58498.04784688983
AIC: 1774.708918686532
