Trend: c
Order: (2, 0, 2)
Seasonal order: (0, 0, 0, 52)
SSR: 27907.6588769726
AIC: 1627.9445636907858
