Trend: c
Order: (1, 0, 1)
Seasonal order: (1, 0, 1, 52)
SSR: 11829.405292018368
AIC: 1449.14655939465
