Trend: c
Order: (1, 0, 1)
Seasonal order: (1, 0, 0, 52)
SSR: 25666.517683264876
AIC: 1608.2587470944418
