Trend: c
Order: (4, 0, 0)
Seasonal order: (0, 0, 0, 52)
SSR: 16419.57701288733
AIC: 1517.0782658782266
