Trend: c
Order: (0, 0, 0)
Seasonal order: (0, 0, 0, 52)
SSR: 47960.44976076556
AIC: 1733.1980334869195
