Trend: c
Order: (0, 0, 1)
Seasonal order: (0, 0, 0, 52)
SSR: 69483.52988043994
AIC: 1812.6710618388156
