Trend: c
Order: (0, 0, 2)
Seasonal order: (2, 0, 0, 52)
SSR: 5035.644092217774
AIC: 1145.1036710259082
