Trend: c
Order: (3, 0, 2)
Seasonal order: (2, 0, 0, 52)
SSR: 3170.5189927661936
AIC: 1192.0212984505201
