Trend: c
Order: (1, 0, 0)
Seasonal order: (1, 0, 0, 52)
SSR: 31402.678319527644
AIC: 1644.4050368788694
