Trend: ct
Order: (0, 0, 0)
Seasonal order: (0, 0, 0, 52)
SSR: 34265.26166410708
AIC: 1664.9229024044039
