Trend: c
Order: (0, 0, 0)
Seasonal order: (0, 0, 1, 52)
SSR: 54038.8688576667
AIC: 1760.42264190524
