Trend: c
Order: (0, 0, 0)
Seasonal order: (1, 0, 0, 52)
SSR: 70464.26776172932
AIC: 1814.9986327717788
