Trend: c
Order: (1, 0, 1)
Seasonal order: (0, 0, 2, 52)
SSR: 7162.767479778707
AIC: 1343.452660677875
