Trend: ct
Order: (2, 0, 0)
Seasonal order: (1, 0, 0, 52)
SSR: 4264.305701760784
AIC: 1235.9264627694126
