Trend: c
Order: (2, 0, 1)
Seasonal order: (0, 0, 0, 52)
SSR: 51235.93495522586
AIC: 1752.993954995121
