Trend: c
Order: (0, 0, 0)
Seasonal order: (0, 0, 0, 52)
SSR: 69422.14566719833
AIC: 1810.4923384808508
