Trend: ct
Order: (0, 0, 0)
Seasonal order: (0, 0, 0, 52)
SSR: 89038.01591713299
AIC: 1864.5035585134724
