Trend: c
Order: (1, 0, 1)
Seasonal order: (0, 0, 0, 52)
SSR: 67940.21578090053
AIC: 1809.9693103996333
