Trend: ct
Order: (0, 0, 0)
Seasonal order: (0, 0, 0, 52)
SSR: 67587.11449057731
AIC: 1806.8935349378198
