Trend: c
Order: (0, 0, 0)
Seasonal order: (0, 0, 0, 52)
SSR: 85518.95693779907
AIC: 1854.075558143119
