Trend: ct
Order: (1, 0, 2)
Seasonal order: (2, 0, 0, 52)
SSR: 4079.7630139897333
AIC: 1224.1919583782585
