Trend: c
Order: (0, 0, 0)
Seasonal order: (0, 0, 0, 52)
SSR: 35575.09090909102
AIC: 1670.763252699382
