Trend: c
Order: (0, 0, 2)
Seasonal order: (0, 0, 0, 52)
SSR: 28517.690308698635
AIC: 1628.5733292111427
