Trend: c
Order: (1, 0, 3)
Seasonal order: (0, 0, 2, 52)
SSR: 43023.80523474819
AIC: 1721.367108214044
