Trend: ct
Order: (1, 0, 2)
Seasonal order: (1, 0, 0, 52)
SSR: 6092.428073576681
AIC: 1302.4147329083082
