Trend: c
Order: (2, 0, 2)
Seasonal order: (1, 0, 1, 52)
SSR: 26774.283929413723
AIC: 1621.6195249286836
