Trend: ct
Order: (1, 0, 0)
Seasonal order: (2, 0, 1, 52)
SSR: 17139.255440237674
AIC: 1527.47226583129
