Trend: c
Order: (2, 0, 3)
Seasonal order: (1, 0, 1, 52)
SSR: 24375.87471179496
AIC: 1590.3658320208797
