Trend: c
Order: (0, 0, 2)
Seasonal order: (1, 0, 0, 52)
SSR: 56470.38497872989
AIC: 1773.1176003792634
