Trend: ct
Order: (0, 0, 0)
Seasonal order: (0, 0, 0, 52)
SSR: 40450.88511084006
AIC: 1699.6078310613884
