Trend: c
Order: (1, 0, 1)
Seasonal order: (1, 0, 0, 52)
SSR: 21077.711273943158
AIC: 1567.277863168023
