Trend: c
Order: (1, 0, 0)
Seasonal order: (0, 0, 0, 52)
SSR: 134740.7674288198
AIC: 1951.1219691079573
