Trend: c
Order: (1, 0, 1)
Seasonal order: (0, 0, 0, 52)
SSR: 66443.36473899023
AIC: 1805.3233610269585
