Trend: ct
Order: (0, 0, 0)
Seasonal order: (0, 0, 0, 52)
SSR: 122994.12608695132
AIC: 1932.0258536553813
