Trend: c
Order: (2, 0, 1)
Seasonal order: (2, 0, 0, 52)
SSR: 11377.879065154251
AIC: 1091.4099310350161
