Trend: c
Order: (3, 0, 0)
Seasonal order: (1, 0, 1, 52)
SSR: 1727.6623312760512
AIC: 1047.7547128057563
