Trend: c
Order: (3, 0, 0)
Seasonal order: (0, 0, 0, 52)
SSR: 29866.84044132601
AIC: 1639.8978476103657
