Trend: c
Order: (1, 0, 0)
Seasonal order: (1, 0, 0, 52)
SSR: 12115.32304187218
AIC: 1443.841003404902
