Trend: ct
Order: (0, 0, 0)
Seasonal order: (0, 0, 0, 52)
SSR: 60579.271780482544
AIC: 1784.0154341745656
