Trend: c
Order: (2, 0, 0)
Seasonal order: (0, 0, 0, 52)
SSR: 35938.100966195445
AIC: 1676.901301328975
