Trend: c
Order: (1, 0, 0)
Seasonal order: (1, 0, 2, 52)
SSR: 19964.764021021594
AIC: 1549.7710103530972
