Trend: c
Order: (0, 0, 0)
Seasonal order: (1, 0, 2, 52)
SSR: 38613.82611742552
AIC: 1692.9075584218704
