Trend: c
Order: (1, 0, 1)
Seasonal order: (0, 0, 0, 52)
SSR: 75406.8130158454
AIC: 1831.8224292880482
