Trend: c
Order: (1, 0, 1)
Seasonal order: (0, 0, 0, 52)
SSR: 60848.20787098764
AIC: 1787.171277985305
