Trend: c
Order: (2, 0, 1)
Seasonal order: (0, 0, 1, 52)
SSR: 33316.44881923649
AIC: 1665.2317095440517
