Trend: ct
Order: (0, 0, 0)
Seasonal order: (0, 0, 0, 52)
SSR: 21345.4503909817
AIC: 1566.0045739332359
