Trend: c
Order: (0, 0, 0)
Seasonal order: (2, 0, 0, 52)
SSR: 26395.107274627335
AIC: 1612.8725721767362
