Trend: c
Order: (1, 0, 1)
Seasonal order: (0, 0, 0, 52)
SSR: 72630.20795368549
AIC: 1824.0062362931617
