Trend: ct
Order: (0, 0, 1)
Seasonal order: (0, 0, 0, 52)
SSR: 85729.3104003806
AIC: 1858.615916410066
