Trend: ct
Order: (0, 0, 0)
Seasonal order: (0, 0, 0, 52)
SSR: 74288.81041599419
AIC: 1826.6530137781133
