Trend: ct
Order: (0, 0, 1)
Seasonal order: (2, 0, 0, 52)
SSR: 39396.85209525744
AIC: 1701.9539800166572
