Trend: ct
Order: (0, 0, 0)
Seasonal order: (2, 0, 0, 52)
SSR: 22519.246494053485
AIC: 1580.6977269528222
