Trend: c
Order: (2, 0, 0)
Seasonal order: (0, 0, 0, 52)
SSR: 58400.5691806615
AIC: 1779.0370521108352
