Trend: c
Order: (1, 0, 1)
Seasonal order: (0, 0, 2, 52)
SSR: 49090.417248120175
AIC: 1746.1018985332626
