Trend: c
Order: (1, 0, 1)
Seasonal order: (0, 0, 1, 52)
SSR: 52042.13953601456
AIC: 1756.6465072664428
