Trend: c
Order: (0, 0, 0)
Seasonal order: (1, 0, 0, 52)
SSR: 74891.26173277787
AIC: 1828.4281709243041
