Trend: c
Order: (1, 0, 1)
Seasonal order: (2, 0, 0, 52)
SSR: 16488.68024322111
AIC: 1447.1445403435805
