Trend: c
Order: (0, 0, 0)
Seasonal order: (0, 0, 0, 52)
SSR: 22907.50239234451
AIC: 1578.765376235247
