Trend: ct
Order: (0, 0, 0)
Seasonal order: (0, 0, 0, 52)
SSR: 66519.75512025005
AIC: 1803.56659921036
