Trend: ct
Order: (1, 0, 0)
Seasonal order: (1, 0, 1, 52)
SSR: 11063.373385088604
AIC: 1438.004798725387
