Trend: ct
Order: (0, 0, 0)
Seasonal order: (1, 0, 0, 52)
SSR: 42570.3461580937
AIC: 1712.7233274867424
