Trend: c
Order: (1, 0, 1)
Seasonal order: (2, 0, 0, 52)
SSR: 18845.969355848385
AIC: 1526.445981422558
