Trend: c
Order: (2, 0, 1)
Seasonal order: (1, 0, 0, 52)
SSR: 14904.929095852905
AIC: 1465.471035094466
