Trend: c
Order: (1, 0, 0)
Seasonal order: (0, 0, 0, 52)
SSR: 5298.707001559189
AIC: 1275.0660067682325
