Trend: ct
Order: (2, 0, 0)
Seasonal order: (1, 0, 0, 52)
SSR: 5606.641071775158
AIC: 1292.9763627338903
