Trend: ct
Order: (0, 0, 0)
Seasonal order: (1, 0, 0, 52)
SSR: 14534.372382786338
AIC: 1488.0857582480253
