Trend: c
Order: (0, 0, 0)
Seasonal order: (0, 0, 0, 52)
SSR: 83127.24401913858
AIC: 1848.1471528412703
