Trend: c
Order: (1, 0, 1)
Seasonal order: (0, 0, 2, 52)
SSR: 104542.15467291641
AIC: 1903.7087488767033
