Trend: c
Order: (2, 0, 2)
Seasonal order: (1, 0, 0, 52)
SSR: 7971.086622149457
AIC: 1298.510950521362
