Trend: c
Order: (0, 0, 0)
Seasonal order: (0, 0, 0, 52)
SSR: 94302.40191387589
AIC: 1874.5091935288588
