Trend: c
Order: (1, 0, 0)
Seasonal order: (0, 0, 0, 52)
SSR: 60468.546151629576
AIC: 1783.641573156946
