Trend: c
Order: (1, 0, 0)
Seasonal order: (1, 0, 0, 52)
SSR: 27676.790709490146
AIC: 1621.8004568291722
