Trend: c
Order: (0, 0, 0)
Seasonal order: (0, 0, 0, 52)
SSR: 75795.98086124405
AIC: 1828.8507626016742
