Trend: c
Order: (0, 0, 0)
Seasonal order: (0, 0, 0, 52)
SSR: 2583.032847530184
AIC: 1080.857058551224
