Trend: ct
Order: (1, 0, 0)
Seasonal order: (1, 0, 1, 52)
SSR: 2289.9950854612453
AIC: 1063.0526722066027
