Trend: ct
Order: (1, 0, 0)
Seasonal order: (2, 0, 0, 52)
SSR: 2426.8657176766287
AIC: 1076.8830268441875
