Trend: c
Order: (1, 0, 1)
Seasonal order: (1, 0, 1, 52)
SSR: 1596.8192621218911
AIC: 987.5065294186243
