Trend: ct
Order: (2, 0, 0)
Seasonal order: (2, 0, 1, 52)
SSR: 1439.4724740885144
AIC: 975.9885619931861
