Trend: ct
Order: (0, 0, 3)
Seasonal order: (1, 0, 1, 52)
SSR: 2072.529065864983
AIC: 1022.0016423475918
