Trend: c
Order: (1, 0, 0)
Seasonal order: (0, 0, 1, 52)
SSR: 2242.0310989929694
AIC: 1053.9061106598986
