Trend: ct
Order: (1, 0, 1)
Seasonal order: (2, 0, 0, 52)
SSR: 1186.0948443236152
AIC: 933.1248059851212
