Trend: c
Order: (3, 0, 1)
Seasonal order: (0, 0, 2, 52)
SSR: 5479.380548975265
AIC: 1240.6934968951864
