Trend: c
Order: (0, 0, 2)
Seasonal order: (1, 0, 0, 52)
SSR: 2518.1651054375375
AIC: 1015.7777415162659
