Trend: c
Order: (1, 0, 0)
Seasonal order: (2, 0, 1, 52)
SSR: 11233.584476190174
AIC: 1382.7099457914221
