Trend: ct
Order: (2, 0, 2)
Seasonal order: (2, 0, 0, 52)
SSR: 1184.4539904563278
AIC: 935.2048669822962
