Trend: ct
Order: (1, 0, 2)
Seasonal order: (1, 0, 2, 52)
SSR: 2895.0003071372835
AIC: 1117.4859682580923
