Trend: c
Order: (4, 0, 1)
Seasonal order: (2, 0, 0, 52)
SSR: 2220.7594291130863
AIC: 1066.797389036794
