Trend: c
Order: (1, 0, 0)
Seasonal order: (1, 0, 1, 52)
SSR: 1658.5210934260283
AIC: 975.0904224465824
