Trend: ct
Order: (1, 0, 0)
Seasonal order: (1, 0, 0, 52)
SSR: 1299.7941830759548
AIC: 947.6010103747406
