Trend: c
Order: (3, 0, 0)
Seasonal order: (0, 0, 2, 52)
SSR: 2512.170287713762
AIC: 1085.5748982779546
