Trend: c
Order: (0, 0, 2)
Seasonal order: (2, 0, 0, 52)
SSR: 2487.2075696947836
AIC: 1013.326409474517
