Trend: c
Order: (1, 0, 0)
Seasonal order: (2, 0, 0, 52)
SSR: 3512.217256620005
AIC: 1149.237720419144
