Trend: c
Order: (6, 0, 0)
Seasonal order: (1, 0, 0, 52)
SSR: 3255.452861816406
AIC: 1141.56589275523
