Trend: ct
Order: (1, 0, 1)
Seasonal order: (0, 0, 0, 52)
SSR: 2799.1189510807503
AIC: 1103.4371512058628
