Trend: c
Order: (1, 0, 1)
Seasonal order: (2, 0, 0, 52)
SSR: 2127.6257028977607
AIC: 991.7081102296063
