Trend: c
Order: (1, 0, 2)
Seasonal order: (1, 0, 1, 52)
SSR: 1684.808738026277
AIC: 976.9860141526192
