Trend: ct
Order: (1, 0, 1)
Seasonal order: (2, 0, 0, 52)
SSR: 1642.6490118764812
AIC: 1001.2831475657649
