Trend: c
Order: (1, 0, 2)
Seasonal order: (2, 0, 0, 52)
SSR: 3763.3314379469116
AIC: 1160.7922748893066
