Trend: ct
Order: (1, 0, 0)
Seasonal order: (2, 0, 0, 52)
SSR: 2410.2430041204507
AIC: 1074.8606479961404
