Trend: ct
Order: (2, 0, 0)
Seasonal order: (1, 0, 0, 52)
SSR: 2535.97396578866
AIC: 1084.3280006445657
