Trend: c
Order: (1, 0, 0)
Seasonal order: (1, 0, 1, 52)
SSR: 1814.5295636971061
AIC: 1005.85976900944
