Outliers: 12
Trend: c
Order: (1, 0, 2)
Seasonal order: (0, 0, 0, 52)
SSR: 89019.09420836682
AIC: 1870.4547440282658
