Outliers: 5
Trend: c
Order: (1, 0, 0)
Seasonal order: (0, 0, 1, 52)
SSR: 12710.708234009078
AIC: 1461.6544718232751
