Outliers: 2
Trend: c
Order: (0, 0, 0)
Seasonal order: (1, 0, 0, 52)
SSR: 14502.097095311392
AIC: 1486.950622748072
