Outliers: 7
Trend: ct
Order: (1, 0, 1)
Seasonal order: (0, 0, 0, 52)
SSR: 23803.060021261354
AIC: 1594.7850505318943
