Outliers: 7
Trend: c
Order: (0, 0, 0)
Seasonal order: (1, 0, 0, 52)
SSR: 12974.983919812777
AIC: 1464.3809227497222
