Outliers: 8
Trend: c
Order: (0, 0, 0)
Seasonal order: (0, 0, 0, 52)
SSR: 77023.32142657839
AIC: 1834.2079262395855
