Outliers: 4
Trend: c
Order: (1, 0, 0)
Seasonal order: (1, 0, 2, 52)
SSR: 7960.298640014999
AIC: 1361.5835579983432
