Outliers: 7
Trend: c
Order: (0, 0, 0)
Seasonal order: (0, 0, 0, 52)
SSR: 6157.512729852536
AIC: 1306.1829414698948
