Outliers: 32
Trend: c
Order: (1, 0, 0)
Seasonal order: (0, 0, 0, 52)
SSR: 14426.03288555331
AIC: 1486.2070920179913
