Outliers: 5
Trend: c
Order: (1, 0, 1)
Seasonal order: (0, 0, 0, 52)
SSR: 32364.185076047528
AIC: 1656.0073873028264
