Outliers: 61
Trend: c
Order: (0, 0, 0)
Seasonal order: (0, 0, 0, 52)
SSR: 36984.349032102495
AIC: 1680.8827200174683
