Outliers: 4
Trend: ct
Order: (1, 0, 0)
Seasonal order: (2, 0, 0, 52)
SSR: 9963.951567939328
AIC: 1415.6928639693556
