Outliers: 3
Trend: ct
Order: (1, 0, 0)
Seasonal order: (1, 0, 0, 52)
SSR: 10231.769479486069
AIC: 1411.4676822717133
