Outliers: 6
Trend: c
Order: (1, 0, 1)
Seasonal order: (2, 0, 0, 52)
SSR: 27412.791325031852
AIC: 1625.2436883172168
