Outliers: 12
Trend: ct
Order: (1, 0, 0)
Seasonal order: (1, 0, 0, 52)
SSR: 12166.05273935029
AIC: 1455.8682247042284
