Outliers: 9
Trend: c
Order: (1, 0, 1)
Seasonal order: (0, 0, 0, 52)
SSR: 45397.57510788852
AIC: 1727.7360317537643
