Outliers: 6
Trend: c
Order: (0, 0, 0)
Seasonal order: (0, 0, 0, 52)
SSR: 33817.566569727125
AIC: 1662.1742032409907
