Outliers: 54
Trend: c
Order: (0, 0, 0)
Seasonal order: (1, 0, 0, 52)
SSR: 31543.84760356438
AIC: 1648.786448164377
