Outliers: 6
Trend: c
Order: (1, 0, 1)
Seasonal order: (1, 0, 2, 52)
SSR: 14893.593819355832
AIC: 1502.0483089846766
