Outliers: 3
Trend: ct
Order: (1, 0, 0)
Seasonal order: (0, 0, 0, 52)
SSR: 4821.604609178016
AIC: 1259.0891916829498
