Outliers: 4
Trend: c
Order: (1, 0, 0)
Seasonal order: (1, 0, 0, 52)
SSR: 12948.063752731518
AIC: 1465.127415854552
