Outliers: 1
Trend: c
Order: (1, 0, 0)
Seasonal order: (1, 0, 0, 52)
SSR: 3914.2535966969813
AIC: 1214.2885604655921
