Outliers: 7
Trend: c
Order: (0, 0, 0)
Seasonal order: (1, 0, 0, 52)
SSR: 17428.0772949227
AIC: 1525.6306587421652
