Outliers: 4
Trend: c
Order: (1, 0, 0)
Seasonal order: (1, 0, 0, 52)
SSR: 13919.691815232654
AIC: 1477.9608096818242
