Outliers: 4
Trend: c
Order: (2, 0, 0)
Seasonal order: (1, 0, 1, 52)
SSR: 7558.210740823367
AIC: 1353.530588947975
