Outliers: 6
Trend: c
Order: (1, 0, 2)
Seasonal order: (2, 0, 0, 52)
SSR: 10645.717149152175
AIC: 1432.2279169221126
