Outliers: 5
Trend: c
Order: (1, 0, 2)
Seasonal order: (1, 0, 0, 52)
SSR: 42480.21239795692
AIC: 1716.4853840833557
