Outliers: 7
Trend: c
Order: (3, 0, 0)
Seasonal order: (0, 0, 0, 52)
SSR: 11635.792412294637
AIC: 1445.7247246491083
