Outliers: 8
Trend: c
Order: (5, 0, 1)
Seasonal order: (2, 0, 0, 52)
SSR: 26259.43449927244
AIC: 1625.421209383317
