Outliers: 3
Trend: ct
Order: (1, 0, 1)
Seasonal order: (0, 0, 1, 52)
SSR: 6403.077212101621
AIC: 1322.568225660576
