Outliers: 6
Trend: c
Order: (1, 0, 1)
Seasonal order: (0, 0, 0, 52)
SSR: 21485.772892579123
AIC: 1572.0057019796254
