Outliers: 39
Trend: ct
Order: (1, 0, 0)
Seasonal order: (0, 0, 1, 52)
SSR: 20180.727319960144
AIC: 1563.5672048167794
