Outliers: 7
Trend: c
Order: (1, 0, 1)
Seasonal order: (0, 0, 0, 52)
SSR: 30905.627516988072
AIC: 1647.379809465101
