Outliers: 8
Trend: c
Order: (0, 0, 0)
Seasonal order: (0, 0, 0, 52)
SSR: 50425.03517650371
AIC: 1745.6712489359077
