Outliers: 6
Trend: c
Order: (2, 0, 0)
Seasonal order: (1, 0, 0, 52)
SSR: 6222.177737618771
AIC: 1313.3404464853484
