Outliers: 2
Trend: c
Order: (2, 0, 0)
Seasonal order: (1, 0, 2, 52)
SSR: 24096.378506854962
AIC: 1595.8763528094655
