Outliers: 7
Trend: c
Order: (1, 0, 0)
Seasonal order: (1, 0, 0, 52)
SSR: 15066.89494556163
AIC: 1492.3036082653766
