Outliers: 6
Trend: c
Order: (1, 0, 0)
Seasonal order: (1, 0, 0, 52)
SSR: 10068.887447038627
AIC: 1413.6786988014387
