Outliers: 8
Trend: ct
Order: (1, 0, 0)
Seasonal order: (0, 0, 0, 52)
SSR: 42239.61397525684
AIC: 1712.6245351195112
