Outliers: 10
Trend: ct
Order: (1, 0, 0)
Seasonal order: (0, 0, 2, 52)
SSR: 34907.426159017305
AIC: 1676.2670070095037
