Outliers: 5
Trend: ct
Order: (1, 0, 0)
Seasonal order: (0, 0, 0, 52)
SSR: 79965.58260170385
AIC: 1846.0124871318217
