Outliers: 12
Trend: c
Order: (2, 0, 0)
Seasonal order: (0, 0, 0, 52)
SSR: 61268.691123676756
AIC: 1790.4646018317753
