Outliers: 53
Trend: c
Order: (0, 0, 0)
Seasonal order: (0, 0, 0, 52)
SSR: 15789.633164016732
AIC: 1502.9942030540421
