Outliers: 3
Trend: c
Order: (1, 0, 1)
Seasonal order: (2, 0, 0, 52)
SSR: 22698.47981765307
AIC: 1584.9257029726364
