Outliers: 4
Trend: c
Order: (1, 0, 0)
Seasonal order: (2, 0, 1, 52)
SSR: 44872.938164713465
AIC: 1725.6659523331246
