Outliers: 9
Trend: ct
Order: (1, 0, 1)
Seasonal order: (0, 0, 0, 52)
SSR: 8746.171319995157
AIC: 1385.9927658995127
