Outliers: 7
Trend: ct
Order: (1, 0, 0)
Seasonal order: (0, 0, 1, 52)
SSR: 18523.746322932013
AIC: 1542.218046870149
