Outliers: 9
Trend: c
Order: (2, 0, 0)
Seasonal order: (1, 0, 0, 52)
SSR: 23826.601348495693
AIC: 1585.327379920031
