Outliers: 6
Trend: c
Order: (2, 0, 2)
Seasonal order: (2, 0, 0, 52)
SSR: 14358.103141725285
AIC: 1464.780638612936
