Outliers: 9
Trend: c
Order: (0, 0, 0)
Seasonal order: (0, 0, 2, 52)
SSR: 35929.63781067215
AIC: 1678.6866145899778
