Outliers: 8
Trend: ct
Order: (0, 0, 0)
Seasonal order: (0, 0, 0, 52)
SSR: 59993.31718539068
AIC: 1783.984035275293
