Outliers: 52
Trend: ct
Order: (1, 0, 0)
Seasonal order: (0, 0, 0, 52)
SSR: 53865.17420361083
AIC: 1763.5023419597346
