Outliers: 16
Trend: ct
Order: (0, 0, 0)
Seasonal order: (0, 0, 0, 52)
SSR: 41583.21949853114
AIC: 1707.3779135986379
