Outliers: 6
Trend: c
Order: (3, 0, 0)
Seasonal order: (0, 0, 0, 52)
SSR: 40924.16231560653
AIC: 1707.6352806557393
