Outliers: 37
Trend: c
Order: (0, 0, 0)
Seasonal order: (0, 0, 0, 52)
SSR: 19029.34685888078
AIC: 1541.999614908642
