Outliers: 8
Trend: ct
Order: (0, 0, 0)
Seasonal order: (1, 0, 0, 52)
SSR: 37908.16664672103
AIC: 1690.2136085171467
