Outliers: 7
Trend: c
Order: (1, 0, 0)
Seasonal order: (0, 0, 0, 52)
SSR: 12685.854248478174
AIC: 1460.0084261513653
