Outliers: 5
Trend: c
Order: (1, 0, 1)
Seasonal order: (0, 0, 0, 52)
SSR: 22917.365085874244
AIC: 1585.299939322464
