Outliers: 5
Trend: c
Order: (1, 0, 1)
Seasonal order: (2, 0, 0, 52)
SSR: 2471.792131183395
AIC: 1119.34648421874
