Outliers: 8
Trend: ct
Order: (0, 0, 0)
Seasonal order: (1, 0, 0, 52)
SSR: 13593.54680714018
AIC: 1475.9819845753377
