Outliers: 8
Trend: c
Order: (0, 0, 0)
Seasonal order: (0, 0, 0, 52)
SSR: 55302.83119554428
AIC: 1764.969539527968
