Trend: c
Order: (2, 0, 3)
Seasonal order: (0, 0, 2, 52)
SSR: 36753.96671620533
AIC: 1824.5222214300115
