Trend: c
Order: (0, 0, 2)
Seasonal order: (0, 0, 0, 52)
SSR: 37137.44579989423
AIC: 1818.380706756133
