Trend: c
Order: (0, 0, 0)
Seasonal order: (0, 0, 0, 52)
SSR: 90319.92488823786
AIC: 2016.8790158064091
