Trend: c
Order: (2, 0, 2)
Seasonal order: (1, 0, 2, 52)
SSR: 14784.021840222054
AIC: 1607.7781611260114
