Trend: c
Order: (0, 0, 0)
Seasonal order: (0, 0, 0, 52)
SSR: 27200.738274701085
AIC: 1743.2530338801744
