Trend: ct
Order: (0, 0, 0)
Seasonal order: (0, 0, 0, 52)
SSR: 89200.61746714437
AIC: 2016.0358266592286
