Trend: ct
Order: (0, 0, 1)
Seasonal order: (0, 0, 0, 52)
SSR: 19611.867648400694
AIC: 1672.6951344636404
