Trend: c
Order: (0, 0, 0)
Seasonal order: (0, 0, 0, 52)
SSR: 54883.74252298415
AIC: 1903.3028874193958
