Trend: c
Order: (2, 0, 2)
Seasonal order: (2, 0, 0, 52)
SSR: 52492.384427901554
AIC: 1905.238706977786
