Trend: c
Order: (2, 0, 0)
Seasonal order: (1, 0, 2, 52)
SSR: 15679.336622447732
AIC: 1626.2030305648332
