Trend: c
Order: (1, 0, 2)
Seasonal order: (1, 0, 0, 52)
SSR: 10809.546676459822
AIC: 1542.97194717934
