Trend: c
Order: (2, 0, 1)
Seasonal order: (0, 0, 0, 52)
SSR: 11310.539620682124
AIC: 1548.4066758797767
