Trend: ct
Order: (0, 0, 0)
Seasonal order: (0, 0, 0, 52)
SSR: 81501.785300999
AIC: 1995.4558543751325
