Trend: c
Order: (1, 0, 1)
Seasonal order: (1, 0, 0, 52)
SSR: 55739.77532608542
AIC: 1912.4024320045091
