Trend: ct
Order: (0, 0, 0)
Seasonal order: (0, 0, 0, 52)
SSR: 55023.20357974037
AIC: 1905.8815068456765
