Trend: ct
Order: (1, 0, 0)
Seasonal order: (0, 0, 0, 52)
SSR: 61402.90449315695
AIC: 1932.8717963249642
