Trend: c
Order: (0, 0, 1)
Seasonal order: (0, 0, 0, 52)
SSR: 81234.04895003517
AIC: 1994.6883930711335
