Trend: c
Order: (3, 0, 0)
Seasonal order: (0, 0, 0, 52)
SSR: 73249.52086960492
AIC: 1975.0026399469334
