Trend: c
Order: (1, 0, 2)
Seasonal order: (1, 0, 0, 52)
SSR: 12102.989800130805
AIC: 1565.4263397540424
