Trend: ct
Order: (0, 0, 0)
Seasonal order: (0, 0, 0, 52)
SSR: 66763.99522055573
AIC: 1949.9787500246066
