Trend: c
Order: (2, 0, 1)
Seasonal order: (2, 0, 0, 52)
SSR: 16232.477376470859
AIC: 1631.204673345146
