Trend: ct
Order: (0, 0, 0)
Seasonal order: (0, 0, 0, 52)
SSR: 14862.183293424308
AIC: 1607.444320559926
