Trend: ct
Order: (1, 0, 0)
Seasonal order: (0, 0, 1, 52)
SSR: 31643.536986420717
AIC: 1783.74498116527
