Trend: c
Order: (0, 0, 2)
Seasonal order: (1, 0, 2, 52)
SSR: 10878.064779777043
AIC: 1537.2662809864842
