Trend: c
Order: (4, 0, 0)
Seasonal order: (0, 0, 0, 52)
SSR: 11407.387273617176
AIC: 1553.329008393613
