Trend: ct
Order: (1, 0, 0)
Seasonal order: (0, 0, 0, 52)
SSR: 77668.63531992165
AIC: 1986.4894439118425
