Trend: ct
Order: (0, 0, 0)
Seasonal order: (0, 0, 0, 52)
SSR: 34219.62737167449
AIC: 1797.5916300378117
