Trend: c
Order: (1, 0, 0)
Seasonal order: (1, 0, 0, 52)
SSR: 28304.727058690336
AIC: 1750.3555574069278
