Trend: c
Order: (0, 0, 1)
Seasonal order: (2, 0, 0, 52)
SSR: 12950.317968525798
AIC: 1589.0320274285846
