Trend: ct
Order: (0, 0, 0)
Seasonal order: (0, 0, 0, 52)
SSR: 93915.89907591137
AIC: 2027.7805009218346
