Trend: ct
Order: (1, 0, 1)
Seasonal order: (1, 0, 1, 52)
SSR: 24325.320610252533
AIC: 1729.0436565137961
