Trend: c
Order: (2, 0, 2)
Seasonal order: (0, 0, 0, 52)
SSR: 100707.66769324424
AIC: 2049.7555988210797
