Trend: c
Order: (3, 0, 2)
Seasonal order: (2, 0, 1, 52)
SSR: 8047.996058346088
AIC: 1477.6123226061989
