Trend: c
Order: (1, 0, 1)
Seasonal order: (0, 0, 0, 52)
SSR: 74534.49002287276
AIC: 1976.8681093166979
