Trend: c
Order: (1, 0, 0)
Seasonal order: (1, 0, 2, 52)
SSR: 3439.4282326983457
AIC: 1267.4150212877335
