Trend: c
Order: (1, 0, 1)
Seasonal order: (1, 0, 2, 52)
SSR: 35225.89039221983
AIC: 1812.1869850072344
