Trend: c
Order: (2, 0, 0)
Seasonal order: (1, 0, 0, 52)
SSR: 69064.65005693863
AIC: 1961.6144313628984
