Trend: c
Order: (1, 0, 1)
Seasonal order: (2, 0, 0, 52)
SSR: 16760.310515061366
AIC: 1583.3090799685972
