Trend: c
Order: (0, 0, 0)
Seasonal order: (0, 0, 0, 52)
SSR: 100706.60645767911
AIC: 2041.697571221634
