Trend: ct
Order: (1, 0, 0)
Seasonal order: (1, 0, 1, 52)
SSR: 20458.76540972213
AIC: 1685.8590034107656
