Trend: c
Order: (1, 0, 1)
Seasonal order: (2, 0, 0, 52)
SSR: 7865.154744747157
AIC: 1469.8653348006467
