Trend: c
Order: (1, 0, 1)
Seasonal order: (1, 0, 2, 52)
SSR: 27051.03493688553
AIC: 1752.3819051380028
