Trend: c
Order: (0, 0, 0)
Seasonal order: (0, 0, 0, 52)
SSR: 20774.96836211888
AIC: 1681.8081018192984
