Trend: ct
Order: (0, 0, 0)
Seasonal order: (0, 0, 0, 52)
SSR: 79464.50644697287
AIC: 1989.6841567249417
