Trend: c
Order: (1, 0, 1)
Seasonal order: (1, 0, 0, 52)
SSR: 20454.320417007126
AIC: 1689.0751906591786
