Trend: ct
Order: (0, 0, 0)
Seasonal order: (1, 0, 0, 52)
SSR: 57191.94739670734
AIC: 1917.1743247694894
