Trend: c
Order: (1, 0, 2)
Seasonal order: (0, 0, 2, 52)
SSR: 58153.58723015057
AIC: 1925.3676508748179
