Trend: c
Order: (2, 0, 0)
Seasonal order: (2, 0, 1, 52)
SSR: 28638.30916065553
AIC: 1746.6256686516954
