Trend: c
Order: (0, 0, 1)
Seasonal order: (1, 0, 0, 52)
SSR: 20221.379366095804
AIC: 1673.949155026202
