Trend: c
Order: (1, 0, 1)
Seasonal order: (0, 0, 1, 52)
SSR: 30850.23597786496
AIC: 1778.3449551874587
