Trend: c
Order: (2, 0, 2)
Seasonal order: (2, 0, 0, 52)
SSR: 17650.442156588102
AIC: 1657.1563273923775
