Trend: ct
Order: (1, 0, 0)
Seasonal order: (0, 0, 0, 52)
SSR: 41181.77059465631
AIC: 1841.826116476308
