Trend: c
Order: (1, 0, 1)
Seasonal order: (0, 0, 0, 52)
SSR: 10200.271779871575
AIC: 1524.4637770796983
