Trend: c
Order: (2, 0, 2)
Seasonal order: (0, 0, 1, 52)
SSR: 32559.786051871943
AIC: 1795.213745324873
