Trend: c
Order: (1, 0, 0)
Seasonal order: (1, 0, 1, 52)
SSR: 51091.48387514719
AIC: 1891.482962946742
