Trend: c
Order: (1, 0, 1)
Seasonal order: (1, 0, 0, 52)
SSR: 57061.342041301425
AIC: 1917.970977484982
