Trend: ct
Order: (1, 0, 0)
Seasonal order: (0, 0, 0, 52)
SSR: 52131.9206675692
AIC: 1895.6333931500471
