Trend: c
Order: (0, 0, 0)
Seasonal order: (0, 0, 0, 52)
SSR: 89125.11979209521
AIC: 2013.8427701975386
