Trend: c
Order: (0, 0, 1)
Seasonal order: (0, 0, 0, 52)
SSR: 83832.41228055439
AIC: 2001.8735669767466
