Trend: ct
Order: (0, 0, 0)
Seasonal order: (0, 0, 0, 52)
SSR: 63287.02330859778
AIC: 1937.7844811429195
