Trend: c
Order: (0, 0, 1)
Seasonal order: (1, 0, 0, 52)
SSR: 70181.77811802938
AIC: 1962.9228884484487
