Trend: ct
Order: (0, 0, 0)
Seasonal order: (0, 0, 0, 52)
SSR: 30038.481947439333
AIC: 1767.8786497528317
