Trend: ct
Order: (0, 0, 0)
Seasonal order: (0, 0, 0, 52)
SSR: 41785.52117447118
AIC: 1843.1347484316243
