Trend: ct
Order: (0, 0, 0)
Seasonal order: (0, 0, 1, 52)
SSR: 57918.4205152162
AIC: 1919.4886957646768
