Trend: c
Order: (0, 0, 0)
Seasonal order: (0, 0, 0, 52)
SSR: 91726.53166837974
AIC: 2020.4024317866802
