Trend: c
Order: (1, 0, 0)
Seasonal order: (0, 0, 0, 52)
SSR: 85029.60374628591
AIC: 2005.104446973559
