Trend: c
Order: (0, 0, 0)
Seasonal order: (1, 0, 1, 52)
SSR: 19239.96301290926
AIC: 1664.820529376228
