Trend: ct
Order: (0, 0, 1)
Seasonal order: (0, 0, 0, 52)
SSR: 69465.48911132067
AIC: 1961.025071494799
