Trend: ct
Order: (0, 0, 0)
Seasonal order: (0, 0, 0, 52)
SSR: 70164.09586860242
AIC: 1961.3041447237376
