Trend: c
Order: (1, 0, 0)
Seasonal order: (2, 0, 0, 52)
SSR: 25724.768969535748
AIC: 1736.2232784370908
