Trend: ct
Order: (0, 0, 0)
Seasonal order: (0, 0, 0, 52)
SSR: 95224.16464709702
AIC: 2030.934664048152
