Trend: c
Order: (0, 0, 1)
Seasonal order: (2, 0, 0, 52)
SSR: 20878.769001865843
AIC: 1660.0829343505206
