Trend: ct
Order: (1, 0, 0)
Seasonal order: (1, 0, 0, 52)
SSR: 45313.684908033625
AIC: 1865.8834522418833
