Trend: c
Order: (5, 0, 3)
Seasonal order: (1, 0, 0, 52)
SSR: 23066.8726743318
AIC: 1726.3310635864063
