Trend: c
Order: (2, 0, 0)
Seasonal order: (1, 0, 0, 52)
SSR: 35787.12659073791
AIC: 1810.8890045777503
