Trend: c
Order: (1, 0, 0)
Seasonal order: (2, 0, 1, 52)
SSR: 32619.12525694077
AIC: 1795.412150112508
