Trend: c
Order: (1, 0, 2)
Seasonal order: (2, 0, 0, 52)
SSR: 16980.44373456995
AIC: 1651.551742730111
