Trend: c
Order: (2, 0, 2)
Seasonal order: (1, 0, 1, 52)
SSR: 9506.015962160362
AIC: 1496.2053605732463
