Trend: c
Order: (0, 0, 1)
Seasonal order: (2, 0, 0, 52)
SSR: 13814.465122600797
AIC: 1572.9295973711291
