Trend: ct
Order: (2, 0, 1)
Seasonal order: (2, 0, 0, 52)
SSR: 2620.7331774980453
AIC: 1096.5902027632214
