Trend: ct
Order: (1, 0, 2)
Seasonal order: (1, 0, 1, 52)
SSR: 1148.2358093610683
AIC: 920.7539496029007
