Trend: c
Order: (1, 0, 1)
Seasonal order: (0, 0, 0, 52)
SSR: 653.00276800432
AIC: 811.2252803162643
