Trend: ct
Order: (3, 0, 0)
Seasonal order: (1, 0, 2, 52)
SSR: 1074.959252541217
AIC: 918.0246015784328
