Trend: c
Order: (0, 0, 2)
Seasonal order: (2, 0, 0, 52)
SSR: 2634.4286117333736
AIC: 1024.449322601392
