Trend: c
Order: (0, 0, 0)
Seasonal order: (0, 0, 0, 52)
SSR: 2973.8200575653686
AIC: 1108.892797475232
