Trend: c
Order: (1, 0, 2)
Seasonal order: (0, 0, 0, 52)
SSR: 3251.445934112038
AIC: 1133.1448284827677
