Trend: c
Order: (1, 0, 1)
Seasonal order: (0, 0, 0, 52)
SSR: 12532.217308990977
AIC: 1399.331646709666
