Trend: c
Order: (1, 0, 2)
Seasonal order: (1, 0, 2, 52)
SSR: 2289.3883142149225
AIC: 1070.089763950448
