Trend: c
Order: (0, 0, 2)
Seasonal order: (2, 0, 0, 52)
SSR: 2367.087283457962
AIC: 1008.4572321292374
