Trend: ct
Order: (4, 0, 0)
Seasonal order: (0, 0, 1, 52)
SSR: 2854.440368801569
AIC: 1112.8121004246339
