Trend: ct
Order: (1, 0, 0)
Seasonal order: (2, 0, 1, 52)
SSR: 2689.6803522961777
AIC: 1086.1443623965486
