Trend: ct
Order: (0, 0, 1)
Seasonal order: (2, 0, 0, 52)
SSR: 1143.7815624790521
AIC: 924.5599831471691
