Trend: c
Order: (0, 0, 3)
Seasonal order: (2, 0, 0, 52)
SSR: 1249.7480174421976
AIC: 942.5030831760378
