Trend: c
Order: (0, 0, 0)
Seasonal order: (1, 0, 0, 52)
SSR: 90267.74071172504
AIC: 2018.8523531611017
