Trend: c
Order: (4, 0, 0)
Seasonal order: (0, 0, 2, 52)
SSR: 21375.10022551789
AIC: 1702.1417329869055
