Trend: c
Order: (2, 0, 2)
Seasonal order: (1, 0, 1, 52)
SSR: 45651.34484814461
AIC: 1873.251178630068
