Trend: c
Order: (1, 0, 1)
Seasonal order: (0, 0, 0, 52)
SSR: 35936.84625109272
AIC: 1811.0454640996375
