Trend: ct
Order: (0, 0, 0)
Seasonal order: (0, 0, 0, 52)
SSR: 77627.21996001179
AIC: 1984.3507068945867
