Trend: c
Order: (0, 0, 1)
Seasonal order: (0, 0, 0, 52)
SSR: 91120.66517041854
AIC: 2020.8872403092596
