Trend: c
Order: (1, 0, 1)
Seasonal order: (2, 0, 1, 52)
SSR: 14644.853630593781
AIC: 1539.202376309687
