Trend: c
Order: (2, 0, 0)
Seasonal order: (0, 0, 1, 52)
SSR: 76376.90373730364
AIC: 1984.551264531266
