Trend: c
Order: (1, 0, 1)
Seasonal order: (1, 0, 0, 52)
SSR: 75826.3775675619
AIC: 1983.1113509122197
