Trend: c
Order: (3, 0, 3)
Seasonal order: (0, 0, 0, 52)
SSR: 50573.81688380212
AIC: 1897.3263632372054
