Trend: c
Order: (5, 0, 1)
Seasonal order: (0, 0, 0, 52)
SSR: 24881.045145033862
AIC: 1735.5352250355115
