Trend: c
Order: (1, 0, 1)
Seasonal order: (2, 0, 0, 52)
SSR: 50935.2520483043
AIC: 1893.7926575896156
