Trend: c
Order: (0, 0, 0)
Seasonal order: (2, 0, 0, 52)
SSR: 36192.29260684801
AIC: 1812.4995733016513
