Trend: c
Order: (1, 0, 1)
Seasonal order: (1, 0, 0, 52)
SSR: 13654.019651088429
AIC: 1517.5661691557632
