Trend: c
Order: (1, 0, 0)
Seasonal order: (1, 0, 1, 52)
SSR: 45141.23485143187
AIC: 1863.6504193505352
