Trend: ct
Order: (3, 0, 0)
Seasonal order: (0, 0, 0, 52)
SSR: 23675.95921691235
AIC: 1719.6264352196058
