Trend: ct
Order: (1, 0, 0)
Seasonal order: (0, 0, 1, 52)
SSR: 46282.70826660185
AIC: 1871.0231375622398
