Trend: c
Order: (3, 0, 0)
Seasonal order: (1, 0, 0, 52)
SSR: 57351.27742526581
AIC: 1920.6352581175554
