Trend: c
Order: (1, 0, 1)
Seasonal order: (0, 0, 0, 52)
SSR: 40858.55202153861
AIC: 1840.7367204004806
