Trend: c
Order: (3, 0, 0)
Seasonal order: (2, 0, 0, 52)
SSR: 20305.274252917803
AIC: 1687.0156687636
