Trend: c
Order: (1, 0, 1)
Seasonal order: (0, 0, 0, 52)
SSR: 40880.865875627285
AIC: 1840.1327453658778
