Trend: ct
Order: (0, 0, 0)
Seasonal order: (0, 0, 0, 52)
SSR: 90843.6287080377
AIC: 2020.1972155819503
