Trend: c
Order: (0, 0, 0)
Seasonal order: (0, 0, 0, 52)
SSR: 115945.38960402398
AIC: 2073.82457213401
