Trend: ct
Order: (0, 0, 0)
Seasonal order: (2, 0, 0, 52)
SSR: 84927.23546957747
AIC: 2008.5149802862838
