Trend: c
Order: (2, 0, 4)
Seasonal order: (1, 0, 2, 52)
SSR: 19888.59013910766
AIC: 1692.8092203520096
