Trend: ct
Order: (0, 0, 0)
Seasonal order: (0, 0, 0, 52)
SSR: 76341.11130379718
AIC: 1980.5416172124924
