Trend: c
Order: (2, 0, 0)
Seasonal order: (1, 0, 0, 52)
SSR: 30949.51820621257
AIC: 1771.9528300379466
