Trend: ct
Order: (4, 0, 0)
Seasonal order: (1, 0, 0, 52)
SSR: 22301.473374795893
AIC: 1710.3498232884863
