Trend: c
Order: (1, 0, 0)
Seasonal order: (0, 0, 0, 52)
SSR: 10277.015121482831
AIC: 1523.3869773050315
