Trend: c
Order: (2, 0, 0)
Seasonal order: (0, 0, 0, 52)
SSR: 57088.38350084084
AIC: 1916.4530497181254
