Trend: c
Order: (1, 0, 0)
Seasonal order: (1, 0, 1, 52)
SSR: 18120.775473483103
AIC: 1648.077056725871
