Trend: c
Order: (2, 0, 0)
Seasonal order: (1, 0, 0, 52)
SSR: 13345.745257637978
AIC: 1583.660946756496
