Trend: c
Order: (2, 0, 1)
Seasonal order: (2, 0, 0, 52)
SSR: 67288.28038678729
AIC: 1960.393846097083
