Trend: c
Order: (3, 0, 1)
Seasonal order: (1, 0, 2, 52)
SSR: 54554.1737053211
AIC: 1916.470101046853
