Trend: c
Order: (1, 0, 0)
Seasonal order: (1, 0, 0, 52)
SSR: 35185.61200068497
AIC: 1805.9877421271551
