Trend: c
Order: (0, 0, 0)
Seasonal order: (0, 0, 1, 52)
SSR: 80339.69752776407
AIC: 1991.792951354098
