Trend: c
Order: (1, 0, 1)
Seasonal order: (0, 0, 0, 52)
SSR: 80864.58621154825
AIC: 1995.6962843774459
