Trend: c
Order: (2, 0, 0)
Seasonal order: (0, 0, 0, 52)
SSR: 21583.619333353534
AIC: 1695.285904853331
