Trend: c
Order: (0, 0, 1)
Seasonal order: (0, 0, 0, 52)
SSR: 39028.4387078823
AIC: 1827.582901774906
