Trend: c
Order: (0, 0, 0)
Seasonal order: (0, 0, 0, 52)
SSR: 73202.76516578425
AIC: 1968.9705399770269
