Trend: c
Order: (2, 0, 1)
Seasonal order: (2, 0, 0, 52)
SSR: 2792.349572781815
AIC: 1226.200936694851
