Trend: c
Order: (1, 0, 1)
Seasonal order: (1, 0, 1, 52)
SSR: 24758.29551285572
AIC: 1725.9369285393398
