Trend: c
Order: (0, 0, 0)
Seasonal order: (0, 0, 1, 52)
SSR: 63726.66638289747
AIC: 1938.6667986409534
