Trend: c
Order: (2, 0, 0)
Seasonal order: (0, 0, 0, 52)
SSR: 63882.745006810575
AIC: 1941.937624485732
