Trend: c
Order: (0, 0, 0)
Seasonal order: (0, 0, 0, 52)
SSR: 101620.58049867104
AIC: 2043.7574772672806
