Trend: c
Order: (1, 0, 1)
Seasonal order: (0, 0, 0, 52)
SSR: 37640.63907410468
AIC: 1821.6660897766074
