Trend: ct
Order: (3, 0, 0)
Seasonal order: (2, 0, 0, 52)
SSR: 11059.668310627629
AIC: 1553.4080757141571
