Trend: ct
Order: (0, 0, 0)
Seasonal order: (0, 0, 0, 52)
SSR: 67363.87735202955
AIC: 1952.0182073692295
