Trend: c
Order: (0, 0, 0)
Seasonal order: (0, 0, 0, 52)
SSR: 81653.16120414448
AIC: 1993.8789335130973
