Trend: ct
Order: (0, 0, 0)
Seasonal order: (0, 0, 0, 52)
SSR: 93170.77902331899
AIC: 2025.964356011025
