Trend: c
Order: (3, 0, 0)
Seasonal order: (0, 0, 0, 52)
SSR: 39512.862393222094
AIC: 1834.3807584546062
