Trend: c
Order: (0, 0, 1)
Seasonal order: (0, 0, 0, 52)
SSR: 50086.47858200989
AIC: 1884.4563574188855
