Trend: c
Order: (2, 0, 1)
Seasonal order: (2, 0, 0, 52)
SSR: 35698.92295649313
AIC: 1809.5540603251197
