Trend: c
Order: (0, 0, 0)
Seasonal order: (0, 0, 0, 52)
SSR: 79198.89813091051
AIC: 1986.9207954093245
