Trend: ct
Order: (0, 0, 0)
Seasonal order: (0, 0, 0, 52)
SSR: 54614.53213472345
AIC: 1904.1817722161645
