Trend: c
Order: (0, 0, 1)
Seasonal order: (0, 0, 0, 52)
SSR: 76693.77839732138
AIC: 1981.5968174915533
