Trend: c
Order: (2, 0, 2)
Seasonal order: (0, 0, 1, 52)
SSR: 31443.91221213914
AIC: 1786.8932650992688
