Trend: c
Order: (3, 0, 0)
Seasonal order: (0, 0, 0, 52)
SSR: 59375.58110122565
AIC: 1927.37835687825
