Trend: c
Order: (1, 0, 1)
Seasonal order: (1, 0, 1, 52)
SSR: 50399.18778134707
AIC: 1890.3368551596404
