Trend: c
Order: (0, 0, 1)
Seasonal order: (2, 0, 0, 52)
SSR: 15094.931799552389
AIC: 1529.4034391440846
