Trend: c
Order: (0, 0, 0)
Seasonal order: (0, 0, 0, 52)
SSR: 45155.5597894953
AIC: 1858.8192294499895
