Trend: c
Order: (1, 0, 1)
Seasonal order: (0, 0, 0, 52)
SSR: 47849.15831004393
AIC: 1875.9294312592303
