Trend: ct
Order: (0, 0, 1)
Seasonal order: (0, 0, 0, 52)
SSR: 52179.13989920362
AIC: 1895.7806315198586
