Trend: c
Order: (1, 0, 0)
Seasonal order: (1, 0, 0, 52)
SSR: 12164.925574278313
AIC: 1562.0743344245116
