Trend: c
Order: (1, 0, 2)
Seasonal order: (0, 0, 0, 52)
SSR: 96965.28252035128
AIC: 2039.1659967164046
