Trend: c
Order: (0, 0, 1)
Seasonal order: (0, 0, 0, 52)
SSR: 64987.67371201427
AIC: 1943.8427315574586
