Trend: ct
Order: (0, 0, 0)
Seasonal order: (0, 0, 0, 52)
SSR: 45160.02249999494
AIC: 1860.8417615005546
